1 73480U 00001AA  23314.00000000  .00000000  00000-0  00000-0 0 00009
2 73480 063.9871 000.2413 0011326 237.3821 122.7645 14.59817489000012
1 73481U 00002AA  23314.00000000  .00000000  00000-0  00000-0 0 00009
2 73481 063.9871 000.2413 0011326 237.3821 302.7645 14.59817489000012
1 73482U 00001BB  23314.00000000  .00000000  00000-0  00000-0 0 00009
2 73482 063.9871 036.2413 0011326 237.3821 176.7645 14.59817489000010
1 73483U 00002BB  23314.00000000  .00000000  00000-0  00000-0 0 00009
2 73483 063.9871 036.2413 0011326 237.3821 356.7645 14.59817489000010
1 73484U 00001CC  23314.00000000  .00000000  00000-0  00000-0 0 00009
2 73484 063.9871 072.2413 0011326 237.3821 230.7645 14.59817489000011
1 73485U 00002CC  23314.00000000  .00000000  00000-0  00000-0 0 00009
2 73485 063.9871 072.2413 0011326 237.3821 050.7645 14.59817489000011
1 73486U 00001DD  23314.00000000  .00000000  00000-0  00000-0 0 00009
2 73486 063.9871 108.2413 0011326 237.3821 284.7645 14.59817489000010
1 73487U 00002DD  23314.00000000  .00000000  00000-0  00000-0 0 00009
2 73487 063.9871 108.2413 0011326 237.3821 104.7645 14.59817489000011
1 73488U 00001EE  23314.00000000  .00000000  00000-0  00000-0 0 00009
2 73488 063.9871 144.2413 0011326 237.3821 338.7645 14.59817489000010
1 73489U 00002EE  23314.00000000  .00000000  00000-0  00000-0 0 00009
2 73489 063.9871 144.2413 0011326 237.3821 158.7645 14.59817489000010
1 73490U 00001FF  23314.00000000  .00000000  00000-0  00000-0 0 00009
2 73490 063.9871 180.2413 0011326 237.3821 032.7645 14.59817489000011
1 73491U 00002FF  23314.00000000  .00000000  00000-0  00000-0 0 00009
2 73491 063.9871 180.2413 0011326 237.3821 212.7645 14.59817489000011
1 73492U 00001GG  23314.00000000  .00000000  00000-0  00000-0 0 00009
2 73492 063.9871 216.2413 0011326 237.3821 086.7645 14.59817489000010
1 73493U 00002GG  23314.00000000  .00000000  00000-0  00000-0 0 00009
2 73493 063.9871 216.2413 0011326 237.3821 266.7645 14.59817489000010
1 73494U 00001HH  23314.00000000  .00000000  00000-0  00000-0 0 00009
2 73494 063.9871 252.2413 0011326 237.3821 140.7645 14.59817489000011
1 73495U 00002HH  23314.00000000  .00000000  00000-0  00000-0 0 00009
2 73495 063.9871 252.2413 0011326 237.3821 320.7645 14.59817489000011
1 73496U 00001II  23314.00000000  .00000000  00000-0  00000-0 0 00009
2 73496 063.9871 288.2413 0011326 237.3821 194.7645 14.59817489000019
1 73497U 00002II  23314.00000000  .00000000  00000-0  00000-0 0 00009
2 73497 063.9871 288.2413 0011326 237.3821 014.7645 14.59817489000010
1 73498U 00001JJ  23314.00000000  .00000000  00000-0  00000-0 0 00009
2 73498 063.9871 324.2413 0011326 237.3821 248.7645 14.59817489000010
1 73499U 00002JJ  23314.00000000  .00000000  00000-0  00000-0 0 00009
2 73499 063.9871 324.2413 0011326 237.3821 068.7645 14.59817489000010
